_version.3D25.2.2.0.26coreVersion.3Dqemu2.25202.2.0 = 1477891935
_version.3D25.2.2.0.26coreVersion.3Dqemu1.25200.10.50 = 1476427972
_version.3D25.2.4.0.26coreVersion.3Dqemu2.25202.2.0 = 1484194278
_version.3D25.2.5.0.26coreVersion.3Dqemu2.25202.2.0 = 1486998003
